38370565
436307
479494
131216
870966
36714872
20835011
20835008
5146589
1090138
1033916
127920796
21321491
416073695
414071504
414069842
413482054
413477884
152650867
116969386
93809244
80266088
75528329
75526525
20871175
14637244
1847537
641164831
641159014
453222183
348525052
291390783
262377227
237796490
226702870
204803915
197880151
196093782
195542792
195541741
193519724
185314362
184604551
184601172
184224296
175852356
175624196
171855570
155587299
139286659
139153374
135391484
135391158
135390000
135388897
134975668
127140665
127022915
124553667
120660404
117450949
77100295
75003110
61856521
56218860
39139157
26379150
24992349
22198965
18484032
4559176
885911
444818
649127977
517683282
378210956
378209215
358271540
348810235
308287939
249767169
249767147
249766493
239247261
226445887
85443429
85442718
85442064
55234961
49013838
40860230
32036992
28712192
25498901
16589014
16369468
15644230
5359549
276856176
271356377
229739968
217762715
217686761
209215638
201943093
201942636
187550756
173317869
164327414
158629111
147355920
135885652
135883123
132921279
130945239
112423667
91775307
77262959
71832337
64481817
55464749
48219189
17987213
17987200
173295
647925819
164789911
127874364
127838789
127836347
127477437
126406520
126345434
125781713
125781102
125780973
125780315
125779233
124958140
118029763
118026923
116597481
102594480
82715458
78760062
57430919
52011023
42505774
38057986
4420834
407815
647514425
277077604
154350742
130622989
127799907
123148115
91176004
74956366
72039072
63198414
55856836
53851201
51561885
40763656
37527343
34584062
32474742
26551798
24992348
24742219
20065007
19682041
19423977
17950818
14837803
14806189
14633257
14089287
6145268
1357689
974741
810119
296546
647517393
647456678
241504982
190214753
187108560
169742879
159402100
158929476
139281800
139281622
139281062
139281046
133338784
130829682
127552941
126699944
126387706
125274103
63427222
62682570
58317697
46830664
46437436
45607494
44194117
39031999
38451640
26851522
19451927
12961247
6304569
6304299
4440661
3521897
306911
541412249
123080886
114456868
113564356
110709219
101517144
78567945
56575360
44343929
16749521
4567662
542111575
541372687
202063129
41801635
38383525
35416621
16436574
3333551
421476578
421470288
421469662
309153697
309091654
308959938
308958276
308957336
240471132
240185986
229153335
202357460
193673244
104278607
41824775
16761123
16236607
13089628
513668656
239956490
238186895
237822638
237805199
237784776
237537181
237534645
220658384
217413207
185525703
161101926
155122203
60328904
645906323
535058812
501865571
378023462
239143751
238930244
238135303
238068781
238033945
238033728
238011033
237753160
237631717
237558790
237546561
236836286
221315339
216622541
216620537
191976059
93752192
78878895
38503589
38361446
38361411
6026621
987416
689189
539805724
539803878
539793989
539750728
535057133
380503412
377554213
375224703
375181703
374748747
285605951
282006447
206731762
206626680
204670904
202308283
188835371
175116988
155756134
119041996
116525489
113614661
93036118
55527035
47547531
41584183
35434423
33837878
33837731
32499257
29521391
29521383
29520207
29519501
25379091
19927604
19703386
17625147
16944330
15422654
14527338
13883636
13881356
13448186
1329233
1128364
1101239
866525
755619
624754
317931
63193124
587406342
356919893
353664221
347143057
346047389
324151046
301027324
300999494
300985075
300967562
300947723
300932500
293951953
293948364
292508633
292495107
285689577
285260865
269646954
269644925
269630050
269629075
269628703
262326411
232341889
232326656
228510665
204898857
204648154
202309567
202205411
202193804
183531423
140672854
140669911
140666982
130527701
120617285
99256312
91652501
71912841
71806463
71803935
71803398
59984444
54298758
45820355
43789057
42037048
41897868
26384674
19925304
14939321
14673592
14222770
5011332
4214041
622595576
606073098
497778335
461591463
454448625
326879981
282701576
279345780
278020989
275371211
274625193
273292177
273290399
273288882
271171493
271169461
262329303
262329140
260164100
251478865
238064922
237855404
237825849
237526532
232319033
230711820
227829941
227828177
220088542
220066226
218231400
218231251
215424270
211299893
211297951
210835436
209605689
205438652
204946382
204888227
204869238
204813776
204706495
204692472
204616728
204593438
204555327
204487607
204479316
204468392
204467297
204463934
204455636
204388658
204383470
204356471
204346202
204044290
202484263
202273109
197901825
187786899
140670504
136362036
135232592
130803200
120326486
110735072
104891990
100860927
93192446
93059436
93026178
92956506
89829372
87875741
87874508
80448363
67612290
60522591
44852562
41890630
41802330
41632796
41510837
20538069
20538028
20398129
19467530
19466088
18545529
16656375
13328951
13112137
5003682
4013657
644721742
644675895
644374785
644373434
644370205
644369580
269742900
265198963
204271266
204255637
204070932
204066232
204004500
203989088
202376275
202372100
202319452
202279492
202260325
202252791
202228202
202199561
202167820
202038747
201917943
197795753
196958911
190463528
190462146
189324247
188910724
188166276
188163405
183529552
182364062
180130208
180129727
180126948
176641655
176071484
175163266
170847816
168485316
168483919
168480689
162720433
157844027
156942378
154231392
147833794
143821733
140670781
139882775
139250204
139248114
138898023
138561742
138561638
138561612
138561360
138555899
138534365
138531335
132096183
132095142
132095078
132094419
132094354
131991320
131989249
130953677
130953282
130953189
130950391
130849297
130800655
130733584
130728297
130659761
130659031
130658562
130496698
130392522
130375660
127378582
126899012
126365473
126318187
126316590
126298629
126091454
125977426
125587771
124576364
123252967
123105094
122948252
120766663
120090222
115839594
115470104
115467778
115467078
109187963
109185355
109184152
109183521
108046248
108045975
105847015
104615437
99862540
93881011
93880522
93834102
93788983
93024575
92971004
92962718
90999094
90506582
89829370
89828203
88036440
87655583
80838717
79608603
63809293
63619915
63619863
60425492
57234883
55378950
54585016
54025438
52449708
52358164
52358049
52355075
50918799
47103436
45234926
44445171
44430214
44427410
31365063
31360786
31359346
31359321
25698356
25381412
22259336
20538021
20536240
19670825
18266017
15572256
14531677
13104758
6622026
644050151
536036724
378418726
285064067
283823178
237172152
236745829
147275817
141177054
141174642
141174325
141174000
141173838
129111765
129110805
78215315
78186568
76957068
71917484
70135568
66450328
64850914
64850867
63507147
61106699
60427177
57973559
57305332
55384213
54840074
54838507
54833739
54830612
54829499
54829457
54782397
51821190
51672910
51671378
51668237
48350622
41365316
41363842
37815922
35794218
35793579
35793570
35793569
35791418
34687803
34687660
34687534
33769911
33769899
33768264
28858768
28857194
26712364
26711613
25699411
25697445
20783996
19671149
643947824
236566395
204489630
193987880
20129207
18030182
17447736
14537560
13013075
13011266
13010789
13010059
4848736
642948338
361180045
351873274
351872482
351870189
325555215
278982095
278981861
164806350
164803332
164803059
138541855
113358161
97294455
56095254
50228257
19455121
19138231
6525011
3745384
3745221
3228630
3224337
711058
635611219
533900412
507424968
416075486
414327927
370251525
370194988
319574743
319551371
251390257
251386817
233169796
188292891
164299885
156702007
131330534
129182076
129181660
129025199
80478128
67292604
57984375
57840736
57839879
55308523
37902621
33972672
26531641
23756235
19854262
18684870
1366097
535100291
351672795
351672780
324063241
275174403
635814932
555415087
361397268
361393462
361388196
361387751
361386283
361376324
361375679
361375242
361368729
361359153
361357152
361342838
361127068
351686179
264571125
229001118
226878771
226878702
171897716
153043942
147253969
117101639
114370195
114362117
92589684
74618704
74617316
74615122
74461054
57878179
53610000
23461804
15670623
14748687
3945456
214464
643421391
453609282
361334509
361333725
361330293
361323197
361318452
361300751
361297811
361297393
361297086
361291854
361291736
361272442
361267950
361267897
361263171
361259019
361243591
361241406
361219148
361218050
361206387
361204269
361202716
361201228
361184363
361173381
361166314
361150686
361150469
361143975
361142247
361101455
360966886
351681449
307573989
285488334
276472952
255116654
212516567
197209834
175274093
153064986
153028394
153009463
149547920
147253247
103211061
93331336
37892812
37440265
36559445
31938024
1499009
687648
596854
440376
533989342
91834765
46360000
46355213
46311785
858019
152819
274629462
251576367
229718149
229716557
226987537
217605105
531265845
366221423
237500290
217815677
141321063
82706533
62650823
52511306
1277928
641531754
605410357
492004541
416467238
226992269
182373970
114995750
21391241
309821784
3737961
3358640
368407089
301036684
301034608
291219332
130508609
54522916
54521261
640589122
527756967
372056192
313387531
311936733
311925887
311115686
307475165
236842161
176126208
171897635
171895095
134165104
75511124
73260942
41633791
25428793
640724453
640533183
640490873
625780836
529965759
529901742
398214048
300421998
294254740
208877860
206187692
189784259
101027663
49064160
6443309
546138873
546114296
545424456
545361058
545349155
545304448
545273941
501668975
501668969
489036778
489011833
484604463
484604085
469757248
454517938
391584220
391577612
391568705
391548813
390028792
390020473
389991520
389987178
389986109
389985846
389981792
389968924
278442593
230280493
193545554
176119227
153656169
134594664
85859754
80149071
69339958
68364486
55501096
54066613
44335602
592707896
590315198
590015114
568718441
534278694
333686870
326260421
307577053
302054242
279937753
277282682
210595590
207313293
204690430
195306442
152983676
152982965
152982176
148686006
114100951
80830583
29875037
26457890
23261716
418950
443889066
420379001
388629865
333567441
329116152
326797342
313287899
285353662
268863420
264557827
249204279
237764256
209220640
209219319
209219315
207314364
193559112
193551889
164700640
164697510
164694917
147344697
147160545
147160451
132165045
132159942
132152755
115298206
106375452
80123529
71924945
55578398
55577334
50847416
50845303
38903591
38856530
35441534
28444914
28443741
28442379
28441457
26118574
23765913
23765576
18025115
1940445
1582634
1569584
1537632
1532539
1516485
1510946
1455292
1449315
1035279
427214206
237402355
237398967
197624480
182364932
182364716
182363099
182360227
181102504
169333667
153556742
152984701
152982650
148791367
141295616
127692083
126430465
105297914
97688189
97686497
93068674
92928865
77326256
69874686
60489335
58714271
57710756
55108672
54984718
53781794
51563556
26118719
26117796
18580380
18395547
16745169
1326029
654760
529720119
529598274
250950630
225720537
220811777
214042829
175575246
163602351
161316334
159033970
130290313
125981184
89568099
77137898
26169872
5274988
146570996
138479444
136397485
114417297
103510023
595734133
594950667
577609758
545429964
94446786
94446773
94415281
588461751
523612902
501663720
489060209
487082996
485277805
484608795
484607014
471939235
454750936
431730020
429875820
429875140
417781851
391580911
391566422
390036722
390034639
390025668
390014339
390010294
390008912
390004703
390002473
389997217
389995479
389978081
389964414
389960661
370163629
345766415
345763895
307582818
276869657
198043666
184664350
135342038
129104918
126356117
104367105
103921833
72861969
57148513
50747810
42258533
27393965
14671622
4164002
411584338
348971388
348970437
348969158
299863555
299860014
274333000
274330294
270948711
270947017
247793636
247771242
215335460
201137384
200106581
184638275
148750255
124765227
116978407
64805395
14737283
6577840
4369672
1784515
637320005
409361875
409336764
409328701
53228297
40216530
24598529
636591433
636571869
636570257
636560359
636500206
527992930
522816962
636074043
506053777
235366941
219927145
194499209
160947779
71766791
26409735
550192438
526597671
526544576
526543317
526540515
526278609
408635033
349975272
92434579
79105050
63567889
88693
259210012
243351556
243349753
243349657
243349651
228298486
218403110
180969299
164333958
159230749
156897001
156896995
150999355
150864143
150709596
150695759
148143707
147811961
129393285
129021815
126917283
118563419
118563314
112524048
112520994
107269494
106854792
104877281
100172066
84333078
70937325
56008614
54527267
50563580
50557430
39015634
511062444
504147463
298883641
82787310
80107445
77416136
58291763
58285484
55793994
52396087
52395531
50470277
50468906
40907113
38706735
33789088
32682271
31098239
30878587
30659843
27132462
26871731
26871638
25729677
23347290
17631341
16664817
16664067
16663636
466881790
466881043
464647516
463165235
407334709
404113632
297699940
229092764
208898313
148051605
24643496
635591562
635431622
635402456
633324854
554051553
525717110
525709434
525705019
525702513
525005049
347447762
274329403
274326485
273623530
273622776
273622378
272812205
272811921
272807760
180175107
180175051
180173506
180172798
180171254
180170887
159237306
159236912
159235047
138230580
80112612
14903445
4905171
629078890
629078154
465402415
189204729
150742915
84334569
20029264
19117380
61088787
44317134
25724175
4940880
425656479
203251509
632775911
105800949
159080577
574001503
398405628
238057835
227008429
138786653
19414499
505228485
505218179
505206741
329114842
314208749
233472847
176639696
173369088
173368856
173366232
525200164
524824123
524814930
524810678
154118403
148037740
126034968
125687589
125663458
125637793
62816690
57979911
57972381
57969205
53903315
48364865
39791317
38259173
34347599
34048310
30761872
26752311
23837843
1596899
1465661
846574
77068
548295937
468643545
408566258
296067497
296063705
210464755
210462672
164795844
138423127
130639120
130461904
127849123
122940539
75154916
31513351
25702866
23569484
23538945
22355639
21385562
21101184
20736213
19094660
17836825
16573063
16554044
16115498
15884073
15138251
14990205
14054718
6912556
6335495
5863680
5717209
5376840
4854056
4491880
4467603
4345099
4342778
3477281
1463069
1241888
1197997
1186399
1143262
683455
264070
18388
566735355
623659054
623658892
623656782
623654168
523775448
278478419
194947467
177402212
524144725
524143275
514897574
548280457
529450329
484623171
464626167
368272193
368270746
361440371
361439249
360738416
326279311
281978505
278836981
230515732
226875461
152198562
110648485
83234543
78680520
67300510
55142439
42876363
40184367
26514796
524303561
174825236
171450302
135337371
132181229
126175088
110647600
73450902
73437771
73437172
73113863
35065687
30892404
29937707
28577636
21387222
1554683
568560884
540258817
536211178
536206711
534137724
521924195
521922978
520257567
396094261
291246266
224804750
175986569
93163964
72421666
63676427
63671566
44161583
38886219
37450212
28294397
20725212
20724250
15752605
1506090
1438478
382548527
371342401
371341732
302058888
230475990
209552421
185728815
178443263
117289691
75741217
71989760
54714769
38354044
31215271
22048464
21468423
21468366
19277990
622726948
604997726
118566395
78547829
27414732
20020253
1572872
525609388
455145278
266481877
225719378
194216785
184663054
174520444
174441467
171903716
171895415
170144599
156641190
156148595
133282010
130280629
127956451
127518729
119360341
119134653
117397217
117396695
117113244
115848493
114305897
113981464
113619422
113521830
113515283
113211002
111394457
111118993
109359436
107828224
107226570
103626920
102782525
100437320
95597253
84807326
56757924
31999677
25012545
860793
616175197
616168145
269660964
230301388
92510849
84132404
82266150
47103439
20872071
14364750
19986761
619998403
619952283
619937295
617479367
26485442
20512454
616177833
162910877
128562553
614222140
236602344
3709717
447894
258167025
202292147
202215393
36398330
204032560
202030652
202014523
114612026
396082428
148475402
226997237
226995093
20057095
402356456
176657188
175622551
151233806
142438269
40500280
409722164
199452117
116717437
506896077
387025930
342204281
187516947
187514974
170596159
118024775
21392944
13419475
13419314
511994612
291661350
26809109
26808853
26807612
26806956
162250165
154734754
153224824
84070873
60476881
511522162
462802744
462801067
462800928
454576367
454575340
454574037
409323036
330954145
330953372
109898547
80118629
80117378
80080565
80078213
78564596
74780510
57213740
56739890
56587031
56580737
51677481
49090691
39602053
39024014
39021779
27794926
22635150
13466602
6991470
608027195
511402870
55302452
53495363
53494817
53490881
53486266
40502670
40462115
37918644
24446018
20721918
20721800
19545328
19380873
18571380
17983854
15431154
12949227
12945764
12943413
6811420
6810392
5844579
5182555
4581283
2020381
511049796
334215095
334214984
334213846
334212873
273278719
225556886
220608836
220607167
209075736
209073674
209073536
209073291
171417960
153662620
153661421
57043467
215302361
199647670
184591699
162089932
159416235
159414026
122685489
115203432
79739711
58377832
380585019
268956628
119604453
117885537
116693652
111024890
109905589
109891144
109888882
109573539
107685398
107233936
98362803
98362603
41032684
41029915
19205234
279532395
279529974
279526646
279523320
279052256
279047766
180340058
80097284
80091888
80091576
67826658
67800867
67799735
67285990
43676617
40790862
1273645
379624948
130140812
63455015
63452463
63176852
54679957
53980286
53515040
38677237
28085139
4072239
379011544
84065867
55104445
44609535
42354936
42352546
42352131
32413749
32413543
30366315
18230976
6626448
602601034
282981665
524464398
522933602
511635765
507868996
507868123
507867910
507784594
500231476
378059165
378057281
378033088
378027551
378025689
377692015
377691699
377679132
349755736
349754990
347636500
347636168
347635945
347147541
347145676
291867226
251615476
244896380
244895201
244887431
244885608
238033188
232309084
208895761
197204799
186438810
24060380
605293647
507107590
377594848
341024903
336225634
277883556
225184590
153070384
152948256
152946927
152944312
132166116
101156955
84447788
84445679
72045299
72043316
63217694
63217330
63216009
63214896
62709584
55437975
55333112
52312143
38869220
31137913
15925720
4080127
518665441
518664669
518314770
506639205
484324325
484322072
416760478
415417344
407639753
369076346
321224740
320111124
319482447
311186672
301754847
301752531
301752078
275379657
262370770
184651485
177164828
174093817
135948787
80113450
80111794
63208648
54709157
53474165
4455990
3474877
1562598
515831871
463168880
388302256
388299826
388297077
388285765
388284649
356698988
342473533
342470966
323117995
321211336
291322635
291319606
282534869
257538612
256371768
245201125
245002982
243222136
243221409
237073218
231090484
204355575
117408543
93173091
24795610
4397135
153117149
153109696
153090137
153074590
153073008
153065278
153064210
153064147
153057971
153052317
153051469
153046585
153044115
153044103
153044028
153040042
153026552
153018369
153018159
153017690
153014604
153013044
153009235
153005400
153004673
153002285
143730375
73456713
30787086
30786026
30785865
30785848
605570289
605481977
450454730
257985996
235406931
172174417
169294045
169293617
161734440
161732540
147948267
138387587
138386677
135754744
131963490
116490359
105314754
61033955
55138119
55136975
42623932
41392108
40591351
31756599
27281763
27281591
27281009
24168152
20740542
291888606
278229519
185010775
154703123
150568687
132080334
131996399
131964061
130402974
130277478
125279329
105515065
94226364
87377903
84058290
80783691
80782198
80777422
80775703
78573723
78550606
72242519
72239083
64263103
58595734
56000282
55839933
55093468
51356950
47339771
47318913
45591923
28460735
5881
604970774
580502205
540995898
540991497
540981218
496837981
343005572
149643435
44805268
44338716
43793918
41111177
31890050
6445226
5850978
5849877
5360138
3243691
47845681
39253392
39122084
604909772
52362325
603890012
599664830
495564311
462013686
461984388
461982681
461980352
461979233
461978439
461976844
378028587
358714418
358077395
357975029
233230067
516126529
515863456
501953589
390237619
375764713
375764453
278442128
273778663
237496992
230478826
229301964
180634241
180634180
180631017
169552856
147900738
44394908
6622016
490850280
354255094
193141246
193141003
99263297
99261360
81726398
81726342
77458029
53497961
53492098
24444839
601602465
501977200
501973227
501961505
501961243
501946942
501946815
204240721
113457044
234194637
601393533
447603802
417391164
317857476
300619482
371192229
371191723
303487865
230481405
73712709
71845111
17267215
501289582
578492722
550504512
402329056
204104201
597622797
348560381
348558092
12957662
427991171
399285705
363926614
596385051
596111597
596109494
250534728
236853279
165444235
596269536
595981333
366517308
138692095
501611179
278515649
33795684
594571405
569654795
529908947
527332225
388341143
370298464
370208919
370207282
370154545
370153488
370126549
370103567
197218423
132154942
594539151
220357485
420546192
307543851
125647620
41460672
39043848
594222481
594220826
594220645
156821229
77141891
76744551
23547548
23546109
22552479
22552208
593100001
593099967
390691807
593632394
348530797
189607960
590320001
590317372
590316432
590316408
590037893
583014128
583010982
574898777
574886143
525053671
525053662
525052794
502278274
218850661
210886201
184531872
92399452
590350219
590348006
590358840
590310861
590271462
350758400
282498453
79486716
77141912
44255723
590008625
497826406
208366041
115341886
441124726
441123872
461634871
461621611
91812466
82181916
42963437
31728291
366823099
366201863
497332508
366116887
366116603
120711568
496828547
496789650
496788661
496498206
496251381
496188964
496184785
496175764
496167073
490421173
460653675
346818095
121157455
121127488
54787807
18027190
12914297
495583057
495582776
495573183
495572650
495571365
495570874
495658357
476933788
469141603
365460760
492007038
414585047
381076095
381074848
381071043
381067757
381056123
381053787
371206985
319345079
174438213
171854907
171850422
153856483
69315839
40111194
32701061
587292313
364166587
356691764
587774944
527340756
527335693
329394032
588478905
587797273
489565217
379859702
20937814
489455441
488588050
363485403
363479177
298254763
587160589
299389198
112425254
551756316
485193459
485189103
273566361
273566187
273561730
165388352
38763634
38763382
586192268
586188548
485848539
360550393
18227725
17969328
580559741
77079583
486511349
486504023
486499512
253415575
253411782
156826940
156824056
156822019
156818906
156816834
156814614
156814267
156813636
156812168
156810417
54537363
54536893
586091985
539769808
529500597
449371017
370831218
309859561
285492982
302126386
301913333
298061242
291802261
271168233
271167825
251677856
237705990
211330155
193389855
187724271
173211920
154148948
151797013
135417554
126304579
116625742
48950462
47761966
518875924
139741711
130643355
79134216
77838462
54381845
36332471
585492278
584668282
280111076
583037931
583037773
199421140
584590909
169551012
132077524
41677336
26189197
300934646
30343779
413733468
581419913
378392455
326778272
304169218
266300274
266297405
181171142
157882227
60998442
483037928
483016694
482978555
322578867
313333317
299156976
39093004
38568421
15953207
580708895
257179064
482612449
482550389
482531796
459434826
579675325
482380572
481594599
481345653
579694064
351690850
351686211
351686155
351685711
351677735
351675934
258819306
258817921
17965359
343802330
343800645
178280531
56229910
580383314
579334141
579276753
476056397
349780109
349614828
349582464
332980269
272806088
479998492
479992455
479917390
23545362
577430075
491705647
300391572
300390084
191972337
561162547
319792944
432878911
365729703
345500166
285781532
274297724
228472506
189745099
152745637
146665959
57065613
51401836
548996318
477926780
13926334
94880
575288621
575288609
200623251
199949642
560702545
227174905
543999925
343808905
343800673
343797091
304648145
197873768
197202512
12950448
12949276
575119223
346029075
258315025
194729716
194723316
194719606
189612302
189273058
189604774
189584674
230508075
230499151
230493117
135772817
133035707
184670326
184370717
161763370
180114234
22880973
21029240
178004713
176073800
75166291
512157075
320363105
195996521
28415603
54400116
126067024
122913233
122911460
558166131
164892978
549219710
333988857
549828542
549811026
549802874
542812362
516333043
507138263
507137724
487471465
522755824
517083819
513681032
513676460
512468902
54615982
501839366
501836967
22191881
498043944
498042087
202148530
512727730
480187947
130705237
480731443
487498108
487497879
454783318
476754892
476745826
224380482
570478716
568694594
568659319
159599209
159598570
463276315
426422395
426408728
290725442
319597640
158496612
158493704
278406423
36733349
282015161
356569954
363332868
363330658
300408092
299998139
300395769
19281313
19280466
455823032
57060543
440909811
430507937
427347870
132516344
270330124
27314643
130522381
443923412
187610137
326081701
378365296
377582631
377574579
377574155
377569381
52404005
373987125
370337670
370337610
370309067
370241425
370173164
31916297
360742301
193555226
361251162
361231931
348011857
350813453
350802041
54035309
325588607
254981733
219929691
318572539
149947868
149947525
57978602
335822250
335820536
335817009
335816954
335813601
335810322
335810316
335807881
335804948
126838320
55859151
570294451
570293455
133346046
47332370
569713073
569691184
569655018
569654600
563540330
563540217
563488456
563457074
563440509
563429788
563429750
563424167
563270481
563079286
563031445
563029187
563029092
562747719
450601650
317504871
123050172
563345465
557625020
549729457
538153568
508221935
508221887
505673898
504997853
454655157
426298146
415337345
409763377
396073118
391609766
372213729
372206728
309431307
269190575
259875913
259874205
257364758
247765783
198820073
198819756
187565629
186624567
180362082
174093180
171922032
159269021
158065449
143255318
140872579
137074701
137068445
130557134
125383582
119909263
87188806
80183194
69619540
69497966
60589193
59988233
59987223
59987213
57800929
56354030
55712156
55511326
55490567
55481350
55466554
54587683
54534108
54436869
54424187
54417751
54024784
43769292
43327146
38849629
36406110
31915899
31896217
23847450
23847400
12998110
12997545
4953907
4952526
329821761
326824050
324023304
324023024
314474385
314472642
314472397
314470259
314470244
298129156
298126203
292717584
292717152
291915513
245255716
241504149
230590651
229790089
222348606
202559669
195470571
193905911
193903900
193903885
186642434
138784302
138218801
132512495
120577671
118626982
116049142
108472911
99973730
29805486
15140519
15139733
130904001
568725736
568662999
123666075
117610655
117103206
90499259
569057779
535272109
526159968
521816450
515720115
507776599
485824446
480756129
474921456
474920829
474919873
474652646
472471844
416797724
415333710
375535540
359370224
341433908
301924019
301851853
278461843
270626260
270625395
270624461
264864428
264862975
264862592
260677909
253393535
248530749
248530692
247778292
230734726
229664989
201040936
197877303
172121517
172119462
40103219
566973542
535144968
399449701
387376752
328519553
189288366
184986894
171463284
159256850
159094832
153150350
153150005
152994612
150972081
142885239
142531225
142529431
137281301
132979765
132179038
127658837
127495807
127313875
123239312
123238946
123238896
119554936
115656955
103423838
91761556
91761525
91761458
91760771
84126318
80788041
80778491
80081938
68376105
68146262
65067611
64857658
57461755
57114286
55682229
55619754
55474305
55473691
54438363
54421378
54401911
54400849
52315341
51575046
38918976
38900993
38326596
37561236
32710512
32047482
31874866
31869647
31703958
25917317
25914097
25310237
25021989
19399483
19087438
19085919
18294692
15441094
13976522
6643245
6516056
558233506
558224414
187622254
113351176
566497358
566497001
332984236
93817058
93648443
93647585
92396305
75027383
468448662
468447718
468444754
468442719
468442707
332603194
332221372
157039038
147323458
134874434
134868091
467350236
329103115
126417619
126405387
69701369
69697418
285485215
274402715
238361403
71967476
330565029
330564604
197211628
563814598
330505325
212545514
130142936
563799641
563790677
327485996
490800929
118902094
118654033
326219223
463249241
270837483
31882834
31880597
562169431
561159380
462019376
138161163
135019407
133799223
133798703
562065520
520157971
180179774
153668141
153667057
153666824
458741148
458740045
378212136
77510613
557989817
512549510
482947829
557592206
455462945
138523181
127648120
556330922
556191326
300916145
238377803
409832390
268592191
549672930
549672912
326329302
422259554
285419877
82236331
188653030
443897673
443676656
390440402
381003149
380999728
380992399
357706058
349937507
324813770
324813489
4935236
492045463
489538966
390485255
390479368
390249731
340804511
269747825
264576529
261436078
260169562
258364496
234162344
230807216
230304768
230301839
229652878
225707415
210448572
197034071
190369338
184536982
184532805
180164638
170139343
158303466
141435202
141431549
137300706
136625815
133653049
133238802
128577761
128573083
124060829
109666359
55518974
27374358
114516038
113999111
109505711
109505693
106051464
105721636
103011939
97731153
97727216
97700907
97700580
97697604
92400326
69096199
58714270
56340138
56145372
52025712
44526432
44398007
44397569
27374400
21488598
17091119
14269341
489499655
127867972
248057983
248056051
551908834
298309061
298306928
142060704
142059464
123700428
123698162
106492454
106455167
102707371
549245631
346790628
247665573
56536704
1388902
1088484
527767298
141328909
545200668
136215792
328727902
328725525
269038281
264868871
243344266
240708506
152670302
152666868
134873590
130909501
130908576
130907754
116176057
111035327
99826845
83482554
78738364
38913947
38823223
38822567
38694646
27277383
26750364
26158900
26156563
25714015
25257783
24553332
24552463
24550711
22454001
22453964
22376090
20010350
5471623
319538381
319537094
239865460
341280832
270866480
187604486
187598405
187585194
78746110
544534748
315282602
244869488
244868196
187575687
187575150
545794070
364787232
364753101
364735486
350848217
350787255
313281802
251569366
180165854
93752432
65310023
482610640
349442739
332937320
322594482
313342463
313336966
275533493
272140895
270639312
250952707
112421262
544787548
544783695
544780538
544601767
482442208
480749171
469906776
469615529
469615210
467038143
464084110
464084071
464084065
462000694
461244997
461241703
459419976
454866883
454853713
454414698
454196955
454193941
453197783
446904888
446647816
428700007
427477591
427469729
427423626
420751234
420750070
417693237
415605625
415604000
415603620
367636250
364154745
350866440
350778347
350773083
349936002
349841539
349838987
349837590
349811669
349694507
347358025
346797873
346797159
346792994
346786648
346785120
337016543
334424154
334247602
332187341
320366117
319609389
319594750
319591539
319570919
319547926
319546206
314394390
305018001
302295506
296647937
296581892
294034212
291948928
286905727
282510419
279880226
279339551
278842131
278449257
278436529
277067989
275593744
272801236
272800584
269177920
268310139
266426984
265621092
264978530
264947017
264884675
264882882
264871923
264554433
264549284
263704223
263703329
263703211
262435974
262433059
262432607
260875419
259511239
256295619
254982464
251617091
251592054
249832039
249831175
249518027
247105779
246298375
246289206
245841663
245114161
244051201
243836671
243832552
239219194
230952676
226935040
224343875
221037183
220608285
220604531
220603362
219331445
214571543
214571338
212539371
197983914
197808711
197803721
194179539
194113293
190371540
190370860
189161703
188853036
188852787
188848760
188848583
188048388
187968563
187570449
187567551
186225750
175846789
165680948
162952883
161825058
161736949
159276260
157831189
157829969
155572486
152278960
147909672
146912870
143853963
142189799
139505021
135935847
135836538
132151743
130652119
129736997
127974850
127971653
127920778
127919546
127917435
127779902
127531281
127322638
127125494
127122484
127087507
127062695
126306624
126304867
126282539
126268211
124881648
124866631
124720317
124669500
124605006
123866180
123575349
123564615
123538874
123537395
123485017
123365806
123246407
123046695
111686591
60605022
53064752
40163719
28049171
450902954
341016364
243992913
240261437
238099139
237019016
235948786
229299540
227875486
227221528
227210170
227004862
227004458
227004180
225129245
225125016
221009821
217690605
212116405
210999117
209858423
200599404
197314916
195508867
195498420
195032935
195022595
193565492
182130175
176009958
169796117
162677506
159577013
159564235
159548151
159536196
159024516
116310210
115594717
114072920
111679882
110525656
108732861
108732579
108731676
108731137
108727400
90926084
77311835
75521096
74440207
68819447
68808244
68725667
68722692
63207049
63206287
63204166
63202761
63201669
57674539
57076110
57075402
57050631
57031864
56588332
56579120
56573277
56322501
56313844
56212362
55698886
55689777
55359559
55129726
55123698
54739905
54732428
54732406
54283263
52469761
51808943
48747178
47479311
46203031
44529653
41305694
41215036
41133110
40475216
40165283
40165135
39314925
39226905
38734182
32302806
32009862
32005358
32004869
27789054
26679545
26679441
25417751
25415001
25006161
24452629
24451984
23689998
23518412
23517899
23507715
23506760
23503494
23437708
21516054
21235429
20636512
20634763
19807984
19445145
18532312
18185905
18185704
17980667
15449171
427960872
427539919
427352784
427352231
427307658
427300029
427299397
328571347
328571246
159366625
158544326
152687581
152686973
149681798
148510676
148475290
139300988
134744030
116958172
111400214
103417761
80322342
69479702
68668048
60130633
60125011
57070102
55648024
55114822
55101079
55090705
54518725
51657773
51657721
47277156
46125048
46088378
46040943
46032120
46020182
42345012
42344936
28726688
28721715
28602741
28202610
19266717
19266384
427232246
427189007
300006741
53481070
37435215
100515640
143730443
78411564
4835905
